100
0 0 0 10 10 10
1 1 1 11 11 11
2 2 2 12 12 12
3 3 3 13 13 13
4 4 4 14 14 14
5 5 5 15 15 15
6 6 6 16 16 16
7 7 7 17 17 17
8 8 8 18 18 18
9 9 9 19 19 19
10 10 10 20 20 20
11 11 11 21 21 21
12 12 12 22 22 22
13 13 13 23 23 23
14 14 14 24 24 24
15 15 15 25 25 25
16 16 16 26 26 26
17 17 17 27 27 27
18 18 18 28 28 28
19 19 19 29 29 29
20 20 20 30 30 30
21 21 21 31 31 31
22 22 22 32 32 32
23 23 23 33 33 33
24 24 24 34 34 34
25 25 25 35 35 35
26 26 26 36 36 36
27 27 27 37 37 37
28 28 28 38 38 38
29 29 29 39 39 39
30 30 30 40 40 40
31 31 31 41 41 41
32 32 32 42 42 42
33 33 33 43 43 43
34 34 34 44 44 44
35 35 35 45 45 45
36 36 36 46 46 46
37 37 37 47 47 47
38 38 38 48 48 48
39 39 39 49 49 49
40 40 40 50 50 50
41 41 41 51 51 51
42 42 42 52 52 52
43 43 43 53 53 53
44 44 44 54 54 54
45 45 45 55 55 55
46 46 46 56 56 56
47 47 47 57 57 57
48 48 48 58 58 58
49 49 49 59 59 59
50 50 50 60 60 60
51 51 51 61 61 61
52 52 52 62 62 62
53 53 53 63 63 63
54 54 54 64 64 64
55 55 55 65 65 65
56 56 56 66 66 66
57 57 57 67 67 67
58 58 58 68 68 68
59 59 59 69 69 69
60 60 60 70 70 70
61 61 61 71 71 71
62 62 62 72 72 72
63 63 63 73 73 73
64 64 64 74 74 74
65 65 65 75 75 75
66 66 66 76 76 76
67 67 67 77 77 77
68 68 68 78 78 78
69 69 69 79 79 79
70 70 70 80 80 80
71 71 71 81 81 81
72 72 72 82 82 82
73 73 73 83 83 83
74 74 74 84 84 84
75 75 75 85 85 85
76 76 76 86 86 86
77 77 77 87 87 87
78 78 78 88 88 88
79 79 79 89 89 89
80 80 80 90 90 90
81 81 81 91 91 91
82 82 82 92 92 92
83 83 83 93 93 93
84 84 84 94 94 94
85 85 85 95 95 95
86 86 86 96 96 96
87 87 87 97 97 97
88 88 88 98 98 98
89 89 89 99 99 99
90 90 90 100 100 100
91 91 91 101 101 101
92 92 92 102 102 102
93 93 93 103 103 103
94 94 94 104 104 104
95 95 95 105 105 105
96 96 96 106 106 106
97 97 97 107 107 107
98 98 98 108 108 108
99 99 99 109 109 109
