1000
0 0 0 10 10 10
1 1 1 11 11 11
2 2 2 12 12 12
3 3 3 13 13 13
4 4 4 14 14 14
5 5 5 15 15 15
6 6 6 16 16 16
7 7 7 17 17 17
8 8 8 18 18 18
9 9 9 19 19 19
10 10 10 20 20 20
11 11 11 21 21 21
12 12 12 22 22 22
13 13 13 23 23 23
14 14 14 24 24 24
15 15 15 25 25 25
16 16 16 26 26 26
17 17 17 27 27 27
18 18 18 28 28 28
19 19 19 29 29 29
20 20 20 30 30 30
21 21 21 31 31 31
22 22 22 32 32 32
23 23 23 33 33 33
24 24 24 34 34 34
25 25 25 35 35 35
26 26 26 36 36 36
27 27 27 37 37 37
28 28 28 38 38 38
29 29 29 39 39 39
30 30 30 40 40 40
31 31 31 41 41 41
32 32 32 42 42 42
33 33 33 43 43 43
34 34 34 44 44 44
35 35 35 45 45 45
36 36 36 46 46 46
37 37 37 47 47 47
38 38 38 48 48 48
39 39 39 49 49 49
40 40 40 50 50 50
41 41 41 51 51 51
42 42 42 52 52 52
43 43 43 53 53 53
44 44 44 54 54 54
45 45 45 55 55 55
46 46 46 56 56 56
47 47 47 57 57 57
48 48 48 58 58 58
49 49 49 59 59 59
50 50 50 60 60 60
51 51 51 61 61 61
52 52 52 62 62 62
53 53 53 63 63 63
54 54 54 64 64 64
55 55 55 65 65 65
56 56 56 66 66 66
57 57 57 67 67 67
58 58 58 68 68 68
59 59 59 69 69 69
60 60 60 70 70 70
61 61 61 71 71 71
62 62 62 72 72 72
63 63 63 73 73 73
64 64 64 74 74 74
65 65 65 75 75 75
66 66 66 76 76 76
67 67 67 77 77 77
68 68 68 78 78 78
69 69 69 79 79 79
70 70 70 80 80 80
71 71 71 81 81 81
72 72 72 82 82 82
73 73 73 83 83 83
74 74 74 84 84 84
75 75 75 85 85 85
76 76 76 86 86 86
77 77 77 87 87 87
78 78 78 88 88 88
79 79 79 89 89 89
80 80 80 90 90 90
81 81 81 91 91 91
82 82 82 92 92 92
83 83 83 93 93 93
84 84 84 94 94 94
85 85 85 95 95 95
86 86 86 96 96 96
87 87 87 97 97 97
88 88 88 98 98 98
89 89 89 99 99 99
90 90 90 100 100 100
91 91 91 101 101 101
92 92 92 102 102 102
93 93 93 103 103 103
94 94 94 104 104 104
95 95 95 105 105 105
96 96 96 106 106 106
97 97 97 107 107 107
98 98 98 108 108 108
99 99 99 109 109 109
100 100 100 110 110 110
101 101 101 111 111 111
102 102 102 112 112 112
103 103 103 113 113 113
104 104 104 114 114 114
105 105 105 115 115 115
106 106 106 116 116 116
107 107 107 117 117 117
108 108 108 118 118 118
109 109 109 119 119 119
110 110 110 120 120 120
111 111 111 121 121 121
112 112 112 122 122 122
113 113 113 123 123 123
114 114 114 124 124 124
115 115 115 125 125 125
116 116 116 126 126 126
117 117 117 127 127 127
118 118 118 128 128 128
119 119 119 129 129 129
120 120 120 130 130 130
121 121 121 131 131 131
122 122 122 132 132 132
123 123 123 133 133 133
124 124 124 134 134 134
125 125 125 135 135 135
126 126 126 136 136 136
127 127 127 137 137 137
128 128 128 138 138 138
129 129 129 139 139 139
130 130 130 140 140 140
131 131 131 141 141 141
132 132 132 142 142 142
133 133 133 143 143 143
134 134 134 144 144 144
135 135 135 145 145 145
136 136 136 146 146 146
137 137 137 147 147 147
138 138 138 148 148 148
139 139 139 149 149 149
140 140 140 150 150 150
141 141 141 151 151 151
142 142 142 152 152 152
143 143 143 153 153 153
144 144 144 154 154 154
145 145 145 155 155 155
146 146 146 156 156 156
147 147 147 157 157 157
148 148 148 158 158 158
149 149 149 159 159 159
150 150 150 160 160 160
151 151 151 161 161 161
152 152 152 162 162 162
153 153 153 163 163 163
154 154 154 164 164 164
155 155 155 165 165 165
156 156 156 166 166 166
157 157 157 167 167 167
158 158 158 168 168 168
159 159 159 169 169 169
160 160 160 170 170 170
161 161 161 171 171 171
162 162 162 172 172 172
163 163 163 173 173 173
164 164 164 174 174 174
165 165 165 175 175 175
166 166 166 176 176 176
167 167 167 177 177 177
168 168 168 178 178 178
169 169 169 179 179 179
170 170 170 180 180 180
171 171 171 181 181 181
172 172 172 182 182 182
173 173 173 183 183 183
174 174 174 184 184 184
175 175 175 185 185 185
176 176 176 186 186 186
177 177 177 187 187 187
178 178 178 188 188 188
179 179 179 189 189 189
180 180 180 190 190 190
181 181 181 191 191 191
182 182 182 192 192 192
183 183 183 193 193 193
184 184 184 194 194 194
185 185 185 195 195 195
186 186 186 196 196 196
187 187 187 197 197 197
188 188 188 198 198 198
189 189 189 199 199 199
190 190 190 200 200 200
191 191 191 201 201 201
192 192 192 202 202 202
193 193 193 203 203 203
194 194 194 204 204 204
195 195 195 205 205 205
196 196 196 206 206 206
197 197 197 207 207 207
198 198 198 208 208 208
199 199 199 209 209 209
200 200 200 210 210 210
201 201 201 211 211 211
202 202 202 212 212 212
203 203 203 213 213 213
204 204 204 214 214 214
205 205 205 215 215 215
206 206 206 216 216 216
207 207 207 217 217 217
208 208 208 218 218 218
209 209 209 219 219 219
210 210 210 220 220 220
211 211 211 221 221 221
212 212 212 222 222 222
213 213 213 223 223 223
214 214 214 224 224 224
215 215 215 225 225 225
216 216 216 226 226 226
217 217 217 227 227 227
218 218 218 228 228 228
219 219 219 229 229 229
220 220 220 230 230 230
221 221 221 231 231 231
222 222 222 232 232 232
223 223 223 233 233 233
224 224 224 234 234 234
225 225 225 235 235 235
226 226 226 236 236 236
227 227 227 237 237 237
228 228 228 238 238 238
229 229 229 239 239 239
230 230 230 240 240 240
231 231 231 241 241 241
232 232 232 242 242 242
233 233 233 243 243 243
234 234 234 244 244 244
235 235 235 245 245 245
236 236 236 246 246 246
237 237 237 247 247 247
238 238 238 248 248 248
239 239 239 249 249 249
240 240 240 250 250 250
241 241 241 251 251 251
242 242 242 252 252 252
243 243 243 253 253 253
244 244 244 254 254 254
245 245 245 255 255 255
246 246 246 256 256 256
247 247 247 257 257 257
248 248 248 258 258 258
249 249 249 259 259 259
250 250 250 260 260 260
251 251 251 261 261 261
252 252 252 262 262 262
253 253 253 263 263 263
254 254 254 264 264 264
255 255 255 265 265 265
256 256 256 266 266 266
257 257 257 267 267 267
258 258 258 268 268 268
259 259 259 269 269 269
260 260 260 270 270 270
261 261 261 271 271 271
262 262 262 272 272 272
263 263 263 273 273 273
264 264 264 274 274 274
265 265 265 275 275 275
266 266 266 276 276 276
267 267 267 277 277 277
268 268 268 278 278 278
269 269 269 279 279 279
270 270 270 280 280 280
271 271 271 281 281 281
272 272 272 282 282 282
273 273 273 283 283 283
274 274 274 284 284 284
275 275 275 285 285 285
276 276 276 286 286 286
277 277 277 287 287 287
278 278 278 288 288 288
279 279 279 289 289 289
280 280 280 290 290 290
281 281 281 291 291 291
282 282 282 292 292 292
283 283 283 293 293 293
284 284 284 294 294 294
285 285 285 295 295 295
286 286 286 296 296 296
287 287 287 297 297 297
288 288 288 298 298 298
289 289 289 299 299 299
290 290 290 300 300 300
291 291 291 301 301 301
292 292 292 302 302 302
293 293 293 303 303 303
294 294 294 304 304 304
295 295 295 305 305 305
296 296 296 306 306 306
297 297 297 307 307 307
298 298 298 308 308 308
299 299 299 309 309 309
300 300 300 310 310 310
301 301 301 311 311 311
302 302 302 312 312 312
303 303 303 313 313 313
304 304 304 314 314 314
305 305 305 315 315 315
306 306 306 316 316 316
307 307 307 317 317 317
308 308 308 318 318 318
309 309 309 319 319 319
310 310 310 320 320 320
311 311 311 321 321 321
312 312 312 322 322 322
313 313 313 323 323 323
314 314 314 324 324 324
315 315 315 325 325 325
316 316 316 326 326 326
317 317 317 327 327 327
318 318 318 328 328 328
319 319 319 329 329 329
320 320 320 330 330 330
321 321 321 331 331 331
322 322 322 332 332 332
323 323 323 333 333 333
324 324 324 334 334 334
325 325 325 335 335 335
326 326 326 336 336 336
327 327 327 337 337 337
328 328 328 338 338 338
329 329 329 339 339 339
330 330 330 340 340 340
331 331 331 341 341 341
332 332 332 342 342 342
333 333 333 343 343 343
334 334 334 344 344 344
335 335 335 345 345 345
336 336 336 346 346 346
337 337 337 347 347 347
338 338 338 348 348 348
339 339 339 349 349 349
340 340 340 350 350 350
341 341 341 351 351 351
342 342 342 352 352 352
343 343 343 353 353 353
344 344 344 354 354 354
345 345 345 355 355 355
346 346 346 356 356 356
347 347 347 357 357 357
348 348 348 358 358 358
349 349 349 359 359 359
350 350 350 360 360 360
351 351 351 361 361 361
352 352 352 362 362 362
353 353 353 363 363 363
354 354 354 364 364 364
355 355 355 365 365 365
356 356 356 366 366 366
357 357 357 367 367 367
358 358 358 368 368 368
359 359 359 369 369 369
360 360 360 370 370 370
361 361 361 371 371 371
362 362 362 372 372 372
363 363 363 373 373 373
364 364 364 374 374 374
365 365 365 375 375 375
366 366 366 376 376 376
367 367 367 377 377 377
368 368 368 378 378 378
369 369 369 379 379 379
370 370 370 380 380 380
371 371 371 381 381 381
372 372 372 382 382 382
373 373 373 383 383 383
374 374 374 384 384 384
375 375 375 385 385 385
376 376 376 386 386 386
377 377 377 387 387 387
378 378 378 388 388 388
379 379 379 389 389 389
380 380 380 390 390 390
381 381 381 391 391 391
382 382 382 392 392 392
383 383 383 393 393 393
384 384 384 394 394 394
385 385 385 395 395 395
386 386 386 396 396 396
387 387 387 397 397 397
388 388 388 398 398 398
389 389 389 399 399 399
390 390 390 400 400 400
391 391 391 401 401 401
392 392 392 402 402 402
393 393 393 403 403 403
394 394 394 404 404 404
395 395 395 405 405 405
396 396 396 406 406 406
397 397 397 407 407 407
398 398 398 408 408 408
399 399 399 409 409 409
400 400 400 410 410 410
401 401 401 411 411 411
402 402 402 412 412 412
403 403 403 413 413 413
404 404 404 414 414 414
405 405 405 415 415 415
406 406 406 416 416 416
407 407 407 417 417 417
408 408 408 418 418 418
409 409 409 419 419 419
410 410 410 420 420 420
411 411 411 421 421 421
412 412 412 422 422 422
413 413 413 423 423 423
414 414 414 424 424 424
415 415 415 425 425 425
416 416 416 426 426 426
417 417 417 427 427 427
418 418 418 428 428 428
419 419 419 429 429 429
420 420 420 430 430 430
421 421 421 431 431 431
422 422 422 432 432 432
423 423 423 433 433 433
424 424 424 434 434 434
425 425 425 435 435 435
426 426 426 436 436 436
427 427 427 437 437 437
428 428 428 438 438 438
429 429 429 439 439 439
430 430 430 440 440 440
431 431 431 441 441 441
432 432 432 442 442 442
433 433 433 443 443 443
434 434 434 444 444 444
435 435 435 445 445 445
436 436 436 446 446 446
437 437 437 447 447 447
438 438 438 448 448 448
439 439 439 449 449 449
440 440 440 450 450 450
441 441 441 451 451 451
442 442 442 452 452 452
443 443 443 453 453 453
444 444 444 454 454 454
445 445 445 455 455 455
446 446 446 456 456 456
447 447 447 457 457 457
448 448 448 458 458 458
449 449 449 459 459 459
450 450 450 460 460 460
451 451 451 461 461 461
452 452 452 462 462 462
453 453 453 463 463 463
454 454 454 464 464 464
455 455 455 465 465 465
456 456 456 466 466 466
457 457 457 467 467 467
458 458 458 468 468 468
459 459 459 469 469 469
460 460 460 470 470 470
461 461 461 471 471 471
462 462 462 472 472 472
463 463 463 473 473 473
464 464 464 474 474 474
465 465 465 475 475 475
466 466 466 476 476 476
467 467 467 477 477 477
468 468 468 478 478 478
469 469 469 479 479 479
470 470 470 480 480 480
471 471 471 481 481 481
472 472 472 482 482 482
473 473 473 483 483 483
474 474 474 484 484 484
475 475 475 485 485 485
476 476 476 486 486 486
477 477 477 487 487 487
478 478 478 488 488 488
479 479 479 489 489 489
480 480 480 490 490 490
481 481 481 491 491 491
482 482 482 492 492 492
483 483 483 493 493 493
484 484 484 494 494 494
485 485 485 495 495 495
486 486 486 496 496 496
487 487 487 497 497 497
488 488 488 498 498 498
489 489 489 499 499 499
490 490 490 500 500 500
491 491 491 501 501 501
492 492 492 502 502 502
493 493 493 503 503 503
494 494 494 504 504 504
495 495 495 505 505 505
496 496 496 506 506 506
497 497 497 507 507 507
498 498 498 508 508 508
499 499 499 509 509 509
500 500 500 510 510 510
501 501 501 511 511 511
502 502 502 512 512 512
503 503 503 513 513 513
504 504 504 514 514 514
505 505 505 515 515 515
506 506 506 516 516 516
507 507 507 517 517 517
508 508 508 518 518 518
509 509 509 519 519 519
510 510 510 520 520 520
511 511 511 521 521 521
512 512 512 522 522 522
513 513 513 523 523 523
514 514 514 524 524 524
515 515 515 525 525 525
516 516 516 526 526 526
517 517 517 527 527 527
518 518 518 528 528 528
519 519 519 529 529 529
520 520 520 530 530 530
521 521 521 531 531 531
522 522 522 532 532 532
523 523 523 533 533 533
524 524 524 534 534 534
525 525 525 535 535 535
526 526 526 536 536 536
527 527 527 537 537 537
528 528 528 538 538 538
529 529 529 539 539 539
530 530 530 540 540 540
531 531 531 541 541 541
532 532 532 542 542 542
533 533 533 543 543 543
534 534 534 544 544 544
535 535 535 545 545 545
536 536 536 546 546 546
537 537 537 547 547 547
538 538 538 548 548 548
539 539 539 549 549 549
540 540 540 550 550 550
541 541 541 551 551 551
542 542 542 552 552 552
543 543 543 553 553 553
544 544 544 554 554 554
545 545 545 555 555 555
546 546 546 556 556 556
547 547 547 557 557 557
548 548 548 558 558 558
549 549 549 559 559 559
550 550 550 560 560 560
551 551 551 561 561 561
552 552 552 562 562 562
553 553 553 563 563 563
554 554 554 564 564 564
555 555 555 565 565 565
556 556 556 566 566 566
557 557 557 567 567 567
558 558 558 568 568 568
559 559 559 569 569 569
560 560 560 570 570 570
561 561 561 571 571 571
562 562 562 572 572 572
563 563 563 573 573 573
564 564 564 574 574 574
565 565 565 575 575 575
566 566 566 576 576 576
567 567 567 577 577 577
568 568 568 578 578 578
569 569 569 579 579 579
570 570 570 580 580 580
571 571 571 581 581 581
572 572 572 582 582 582
573 573 573 583 583 583
574 574 574 584 584 584
575 575 575 585 585 585
576 576 576 586 586 586
577 577 577 587 587 587
578 578 578 588 588 588
579 579 579 589 589 589
580 580 580 590 590 590
581 581 581 591 591 591
582 582 582 592 592 592
583 583 583 593 593 593
584 584 584 594 594 594
585 585 585 595 595 595
586 586 586 596 596 596
587 587 587 597 597 597
588 588 588 598 598 598
589 589 589 599 599 599
590 590 590 600 600 600
591 591 591 601 601 601
592 592 592 602 602 602
593 593 593 603 603 603
594 594 594 604 604 604
595 595 595 605 605 605
596 596 596 606 606 606
597 597 597 607 607 607
598 598 598 608 608 608
599 599 599 609 609 609
600 600 600 610 610 610
601 601 601 611 611 611
602 602 602 612 612 612
603 603 603 613 613 613
604 604 604 614 614 614
605 605 605 615 615 615
606 606 606 616 616 616
607 607 607 617 617 617
608 608 608 618 618 618
609 609 609 619 619 619
610 610 610 620 620 620
611 611 611 621 621 621
612 612 612 622 622 622
613 613 613 623 623 623
614 614 614 624 624 624
615 615 615 625 625 625
616 616 616 626 626 626
617 617 617 627 627 627
618 618 618 628 628 628
619 619 619 629 629 629
620 620 620 630 630 630
621 621 621 631 631 631
622 622 622 632 632 632
623 623 623 633 633 633
624 624 624 634 634 634
625 625 625 635 635 635
626 626 626 636 636 636
627 627 627 637 637 637
628 628 628 638 638 638
629 629 629 639 639 639
630 630 630 640 640 640
631 631 631 641 641 641
632 632 632 642 642 642
633 633 633 643 643 643
634 634 634 644 644 644
635 635 635 645 645 645
636 636 636 646 646 646
637 637 637 647 647 647
638 638 638 648 648 648
639 639 639 649 649 649
640 640 640 650 650 650
641 641 641 651 651 651
642 642 642 652 652 652
643 643 643 653 653 653
644 644 644 654 654 654
645 645 645 655 655 655
646 646 646 656 656 656
647 647 647 657 657 657
648 648 648 658 658 658
649 649 649 659 659 659
650 650 650 660 660 660
651 651 651 661 661 661
652 652 652 662 662 662
653 653 653 663 663 663
654 654 654 664 664 664
655 655 655 665 665 665
656 656 656 666 666 666
657 657 657 667 667 667
658 658 658 668 668 668
659 659 659 669 669 669
660 660 660 670 670 670
661 661 661 671 671 671
662 662 662 672 672 672
663 663 663 673 673 673
664 664 664 674 674 674
665 665 665 675 675 675
666 666 666 676 676 676
667 667 667 677 677 677
668 668 668 678 678 678
669 669 669 679 679 679
670 670 670 680 680 680
671 671 671 681 681 681
672 672 672 682 682 682
673 673 673 683 683 683
674 674 674 684 684 684
675 675 675 685 685 685
676 676 676 686 686 686
677 677 677 687 687 687
678 678 678 688 688 688
679 679 679 689 689 689
680 680 680 690 690 690
681 681 681 691 691 691
682 682 682 692 692 692
683 683 683 693 693 693
684 684 684 694 694 694
685 685 685 695 695 695
686 686 686 696 696 696
687 687 687 697 697 697
688 688 688 698 698 698
689 689 689 699 699 699
690 690 690 700 700 700
691 691 691 701 701 701
692 692 692 702 702 702
693 693 693 703 703 703
694 694 694 704 704 704
695 695 695 705 705 705
696 696 696 706 706 706
697 697 697 707 707 707
698 698 698 708 708 708
699 699 699 709 709 709
700 700 700 710 710 710
701 701 701 711 711 711
702 702 702 712 712 712
703 703 703 713 713 713
704 704 704 714 714 714
705 705 705 715 715 715
706 706 706 716 716 716
707 707 707 717 717 717
708 708 708 718 718 718
709 709 709 719 719 719
710 710 710 720 720 720
711 711 711 721 721 721
712 712 712 722 722 722
713 713 713 723 723 723
714 714 714 724 724 724
715 715 715 725 725 725
716 716 716 726 726 726
717 717 717 727 727 727
718 718 718 728 728 728
719 719 719 729 729 729
720 720 720 730 730 730
721 721 721 731 731 731
722 722 722 732 732 732
723 723 723 733 733 733
724 724 724 734 734 734
725 725 725 735 735 735
726 726 726 736 736 736
727 727 727 737 737 737
728 728 728 738 738 738
729 729 729 739 739 739
730 730 730 740 740 740
731 731 731 741 741 741
732 732 732 742 742 742
733 733 733 743 743 743
734 734 734 744 744 744
735 735 735 745 745 745
736 736 736 746 746 746
737 737 737 747 747 747
738 738 738 748 748 748
739 739 739 749 749 749
740 740 740 750 750 750
741 741 741 751 751 751
742 742 742 752 752 752
743 743 743 753 753 753
744 744 744 754 754 754
745 745 745 755 755 755
746 746 746 756 756 756
747 747 747 757 757 757
748 748 748 758 758 758
749 749 749 759 759 759
750 750 750 760 760 760
751 751 751 761 761 761
752 752 752 762 762 762
753 753 753 763 763 763
754 754 754 764 764 764
755 755 755 765 765 765
756 756 756 766 766 766
757 757 757 767 767 767
758 758 758 768 768 768
759 759 759 769 769 769
760 760 760 770 770 770
761 761 761 771 771 771
762 762 762 772 772 772
763 763 763 773 773 773
764 764 764 774 774 774
765 765 765 775 775 775
766 766 766 776 776 776
767 767 767 777 777 777
768 768 768 778 778 778
769 769 769 779 779 779
770 770 770 780 780 780
771 771 771 781 781 781
772 772 772 782 782 782
773 773 773 783 783 783
774 774 774 784 784 784
775 775 775 785 785 785
776 776 776 786 786 786
777 777 777 787 787 787
778 778 778 788 788 788
779 779 779 789 789 789
780 780 780 790 790 790
781 781 781 791 791 791
782 782 782 792 792 792
783 783 783 793 793 793
784 784 784 794 794 794
785 785 785 795 795 795
786 786 786 796 796 796
787 787 787 797 797 797
788 788 788 798 798 798
789 789 789 799 799 799
790 790 790 800 800 800
791 791 791 801 801 801
792 792 792 802 802 802
793 793 793 803 803 803
794 794 794 804 804 804
795 795 795 805 805 805
796 796 796 806 806 806
797 797 797 807 807 807
798 798 798 808 808 808
799 799 799 809 809 809
800 800 800 810 810 810
801 801 801 811 811 811
802 802 802 812 812 812
803 803 803 813 813 813
804 804 804 814 814 814
805 805 805 815 815 815
806 806 806 816 816 816
807 807 807 817 817 817
808 808 808 818 818 818
809 809 809 819 819 819
810 810 810 820 820 820
811 811 811 821 821 821
812 812 812 822 822 822
813 813 813 823 823 823
814 814 814 824 824 824
815 815 815 825 825 825
816 816 816 826 826 826
817 817 817 827 827 827
818 818 818 828 828 828
819 819 819 829 829 829
820 820 820 830 830 830
821 821 821 831 831 831
822 822 822 832 832 832
823 823 823 833 833 833
824 824 824 834 834 834
825 825 825 835 835 835
826 826 826 836 836 836
827 827 827 837 837 837
828 828 828 838 838 838
829 829 829 839 839 839
830 830 830 840 840 840
831 831 831 841 841 841
832 832 832 842 842 842
833 833 833 843 843 843
834 834 834 844 844 844
835 835 835 845 845 845
836 836 836 846 846 846
837 837 837 847 847 847
838 838 838 848 848 848
839 839 839 849 849 849
840 840 840 850 850 850
841 841 841 851 851 851
842 842 842 852 852 852
843 843 843 853 853 853
844 844 844 854 854 854
845 845 845 855 855 855
846 846 846 856 856 856
847 847 847 857 857 857
848 848 848 858 858 858
849 849 849 859 859 859
850 850 850 860 860 860
851 851 851 861 861 861
852 852 852 862 862 862
853 853 853 863 863 863
854 854 854 864 864 864
855 855 855 865 865 865
856 856 856 866 866 866
857 857 857 867 867 867
858 858 858 868 868 868
859 859 859 869 869 869
860 860 860 870 870 870
861 861 861 871 871 871
862 862 862 872 872 872
863 863 863 873 873 873
864 864 864 874 874 874
865 865 865 875 875 875
866 866 866 876 876 876
867 867 867 877 877 877
868 868 868 878 878 878
869 869 869 879 879 879
870 870 870 880 880 880
871 871 871 881 881 881
872 872 872 882 882 882
873 873 873 883 883 883
874 874 874 884 884 884
875 875 875 885 885 885
876 876 876 886 886 886
877 877 877 887 887 887
878 878 878 888 888 888
879 879 879 889 889 889
880 880 880 890 890 890
881 881 881 891 891 891
882 882 882 892 892 892
883 883 883 893 893 893
884 884 884 894 894 894
885 885 885 895 895 895
886 886 886 896 896 896
887 887 887 897 897 897
888 888 888 898 898 898
889 889 889 899 899 899
890 890 890 900 900 900
891 891 891 901 901 901
892 892 892 902 902 902
893 893 893 903 903 903
894 894 894 904 904 904
895 895 895 905 905 905
896 896 896 906 906 906
897 897 897 907 907 907
898 898 898 908 908 908
899 899 899 909 909 909
900 900 900 910 910 910
901 901 901 911 911 911
902 902 902 912 912 912
903 903 903 913 913 913
904 904 904 914 914 914
905 905 905 915 915 915
906 906 906 916 916 916
907 907 907 917 917 917
908 908 908 918 918 918
909 909 909 919 919 919
910 910 910 920 920 920
911 911 911 921 921 921
912 912 912 922 922 922
913 913 913 923 923 923
914 914 914 924 924 924
915 915 915 925 925 925
916 916 916 926 926 926
917 917 917 927 927 927
918 918 918 928 928 928
919 919 919 929 929 929
920 920 920 930 930 930
921 921 921 931 931 931
922 922 922 932 932 932
923 923 923 933 933 933
924 924 924 934 934 934
925 925 925 935 935 935
926 926 926 936 936 936
927 927 927 937 937 937
928 928 928 938 938 938
929 929 929 939 939 939
930 930 930 940 940 940
931 931 931 941 941 941
932 932 932 942 942 942
933 933 933 943 943 943
934 934 934 944 944 944
935 935 935 945 945 945
936 936 936 946 946 946
937 937 937 947 947 947
938 938 938 948 948 948
939 939 939 949 949 949
940 940 940 950 950 950
941 941 941 951 951 951
942 942 942 952 952 952
943 943 943 953 953 953
944 944 944 954 954 954
945 945 945 955 955 955
946 946 946 956 956 956
947 947 947 957 957 957
948 948 948 958 958 958
949 949 949 959 959 959
950 950 950 960 960 960
951 951 951 961 961 961
952 952 952 962 962 962
953 953 953 963 963 963
954 954 954 964 964 964
955 955 955 965 965 965
956 956 956 966 966 966
957 957 957 967 967 967
958 958 958 968 968 968
959 959 959 969 969 969
960 960 960 970 970 970
961 961 961 971 971 971
962 962 962 972 972 972
963 963 963 973 973 973
964 964 964 974 974 974
965 965 965 975 975 975
966 966 966 976 976 976
967 967 967 977 977 977
968 968 968 978 978 978
969 969 969 979 979 979
970 970 970 980 980 980
971 971 971 981 981 981
972 972 972 982 982 982
973 973 973 983 983 983
974 974 974 984 984 984
975 975 975 985 985 985
976 976 976 986 986 986
977 977 977 987 987 987
978 978 978 988 988 988
979 979 979 989 989 989
980 980 980 990 990 990
981 981 981 991 991 991
982 982 982 992 992 992
983 983 983 993 993 993
984 984 984 994 994 994
985 985 985 995 995 995
986 986 986 996 996 996
987 987 987 997 997 997
988 988 988 998 998 998
989 989 989 999 999 999
990 990 990 1000 1000 1000
991 991 991 1001 1001 1001
992 992 992 1002 1002 1002
993 993 993 1003 1003 1003
994 994 994 1004 1004 1004
995 995 995 1005 1005 1005
996 996 996 1006 1006 1006
997 997 997 1007 1007 1007
998 998 998 1008 1008 1008
999 999 999 1009 1009 1009
